7
21
0 1 3
0 2 3
0 3 3
0 4 3
0 5 5
0 6 5
1 2 7
1 3 2
1 4 7
1 5 1
1 6 10
2 3 7
2 4 2
2 5 10
2 6 1
3 4 8
3 5 4
3 6 9
4 5 9
4 6 4
5 6 12
9
0 FACTORY 0 0 0 0 0
1 FACTORY 1 29 1 0 0
2 FACTORY -1 27 1 0 0
3 FACTORY 0 11 3 0 0
4 FACTORY 0 11 3 0 0
5 FACTORY 0 0 0 0 0
6 FACTORY 0 0 0 0 0
7 TROOP -1 2 6 2 1
12 BOMB -1 2 -1 -1 0

7
0 FACTORY 0 0 0 0 0
1 FACTORY 1 28 1 0 0
2 FACTORY -1 28 1 0 0
3 FACTORY 0 11 3 0 0
4 FACTORY 0 11 3 0 0
5 FACTORY 0 0 0 0 0
6 FACTORY 0 0 0 0 0

15
105
0 1 2
0 2 2
0 3 4
0 4 4
0 5 4
0 6 4
0 7 7
0 8 7
0 9 1
0 10 1
0 11 6
0 12 6
0 13 2
0 14 2
1 2 6
1 3 2
1 4 8
1 5 1
1 6 7
1 7 3
1 8 11
1 9 3
1 10 3
1 11 2
1 12 10
1 13 2
1 14 5
2 3 8
2 4 2
2 5 7
2 6 1
2 7 11
2 8 3
2 9 3
2 10 3
2 11 10
2 12 2
2 13 5
2 14 2
3 4 10
3 5 4
3 6 8
3 7 3
3 8 13
3 9 3
3 10 6
3 11 4
3 12 11
3 13 5
3 14 6
4 5 8
4 6 4
4 7 13
4 8 3
4 9 6
4 10 3
4 11 11
4 12 4
4 13 6
4 14 5
5 6 9
5 7 4
5 8 12
5 9 5
5 10 3
5 11 1
5 12 11
5 13 1
5 14 7
6 7 12
6 8 4
6 9 3
6 10 5
6 11 11
6 12 1
6 13 7
6 14 1
7 8 16
7 9 7
7 10 8
7 11 2
7 12 15
7 13 6
7 14 9
8 9 8
8 10 7
8 11 15
8 12 2
8 13 9
8 14 6
9 10 3
9 11 6
9 12 6
9 13 4
9 14 1
10 11 6
10 12 6
10 13 1
10 14 4
11 12 13
11 13 4
11 14 9
12 13 9
12 14 4
13 14 5
22
0 FACTORY -1 0 0 0 0
1 FACTORY 1 0 0 5 0
2 FACTORY -1 0 0 0 0
3 FACTORY 0 0 3 0 0
4 FACTORY -1 5 3 0 0
5 FACTORY 0 12 3 0 0
6 FACTORY 0 12 3 0 0
7 FACTORY 0 0 0 0 0
8 FACTORY -1 0 0 0 0
9 FACTORY 0 4 3 0 0
10 FACTORY 0 4 3 0 0
11 FACTORY 0 0 0 0 0
12 FACTORY -1 0 0 0 0
13 FACTORY 0 12 3 0 0
14 FACTORY 0 13 3 0 0
17 TROOP -1 2 7 2 2
19 TROOP -1 2 11 2 1
30 TROOP 1 1 8 25 3
117 TROOP -1 4 7 2 12
118 TROOP -1 4 11 2 10
127 TROOP -1 4 3 2 10
128 TROOP -1 4 7 1 13

